FIPS,HR_UID,nameid,province,region,analysisTime,dates,pointprevalence_025,pointprevalence_50,pointprevalence_975,pointinfections_025,pointinfections_50,pointinfections_975,pointinfectious_025,pointinfectious_50,pointinfectious_975,pointinfectiousprevalence_05,pointinfectiousprevalence_50,pointinfectiousprevalence_95,infectrate_025,infectrate_50,infectrate_975
24005,0,USMarylandBaltimore,Maryland,Baltimore,2020-10-11 18:02:29.296180,2020-03-09 00:00:00.000000,0.00241197,0.00515468,0.01029989,19,42,85,8,18,34,0.00101186,0.00219600,0.00412809,0.72405217,0.89674046,1.10061399
24005,0,USMarylandBaltimore,Maryland,Baltimore,2020-10-11 18:02:29.296180,2020-03-10 00:00:00.000000,0.00313956,0.00662697,0.01223010,25,54,101,11,22,42,0.00135997,0.00269382,0.00516893,0.72405403,0.89672430,1.10003580
24005,0,USMarylandBaltimore,Maryland,Baltimore,2020-10-11 18:02:29.296180,2020-03-11 00:00:00.000000,0.00407109,0.00827375,0.01448967,33,68,119,14,29,52,0.00179243,0.00353410,0.00631556,0.72405899,0.89668460,1.09969151
24005,0,USMarylandBaltimore,Maryland,Baltimore,2020-10-11 18:02:29.296180,2020-03-12 00:00:00.000000,0.00563811,0.01004073,0.01733674,46,83,143,19,37,62,0.00231861,0.00447393,0.00752267,0.72407220,0.89659197,1.09969044
24005,0,USMarylandBaltimore,Maryland,Baltimore,2020-10-11 18:02:29.296180,2020-03-13 00:00:00.000000,0.00725467,0.01221464,0.02070673,60,101,171,24,46,73,0.00296469,0.00560065,0.00892633,0.72410742,0.89659196,1.09968657
24005,0,USMarylandBaltimore,Maryland,Baltimore,2020-10-11 18:02:29.296180,2020-03-14 00:00:00.000000,0.00880399,0.01500270,0.02469358,72,124,204,32,56,87,0.00391799,0.00685077,0.01056045,0.72420124,0.89659216,1.09967259
24005,0,USMarylandBaltimore,Maryland,Baltimore,2020-10-11 18:02:29.296180,2020-03-15 00:00:00.000000,0.01064104,0.01822115,0.02938179,88,150,243,41,69,103,0.00506795,0.00845435,0.01246426,0.72445089,0.89659389,1.09962191
24005,0,USMarylandBaltimore,Maryland,Baltimore,2020-10-11 18:02:29.296180,2020-03-16 00:00:00.000000,0.01292744,0.02210494,0.03450161,106,182,285,50,84,123,0.00615610,0.01023819,0.01488370,0.72511312,0.89660539,1.09943751
24005,0,USMarylandBaltimore,Maryland,Baltimore,2020-10-11 18:02:29.296180,2020-03-17 00:00:00.000000,0.01565746,0.02654489,0.04051954,129,219,335,61,102,148,0.00748065,0.01237159,0.01789400,0.72685541,0.89667386,1.09876575
24005,0,USMarylandBaltimore,Maryland,Baltimore,2020-10-11 18:02:29.296180,2020-03-18 00:00:00.000000,0.01896773,0.03227404,0.04829689,156,267,399,75,124,177,0.00907596,0.01504217,0.02146001,0.73134596,0.89158505,1.09634573
24005,0,USMarylandBaltimore,Maryland,Baltimore,2020-10-11 18:02:29.296180,2020-03-19 00:00:00.000000,0.02301347,0.03904843,0.05787031,190,323,478,91,150,213,0.01100383,0.01824581,0.02576017,0.74038959,0.88919844,1.08816294
24005,0,USMarylandBaltimore,Maryland,Baltimore,2020-10-11 18:02:29.296180,2020-03-20 00:00:00.000000,0.02796890,0.04670345,0.06928654,231,386,573,111,181,255,0.01343267,0.02198722,0.03089378,0.75546645,0.88415066,1.06869464
24005,0,USMarylandBaltimore,Maryland,Baltimore,2020-10-11 18:02:29.296180,2020-03-21 00:00:00.000000,0.03378994,0.05627105,0.08290104,279,465,685,136,218,306,0.01647422,0.02640740,0.03701884,0.76455039,0.88704309,1.09922175
24005,0,USMarylandBaltimore,Maryland,Baltimore,2020-10-11 18:02:29.296180,2020-03-22 00:00:00.000000,0.04133385,0.06811767,0.09913670,341,563,820,162,262,366,0.01968962,0.03171591,0.04432508,0.75809789,0.88048509,1.10029689
24005,0,USMarylandBaltimore,Maryland,Baltimore,2020-10-11 18:02:29.296180,2020-03-23 00:00:00.000000,0.05005998,0.08200811,0.11787001,414,678,975,197,316,438,0.02392468,0.03826429,0.05303916,0.74010433,0.88291324,1.10049382
24005,0,USMarylandBaltimore,Maryland,Baltimore,2020-10-11 18:02:29.296180,2020-03-24 00:00:00.000000,0.06007438,0.09563326,0.13997289,497,791,1158,240,379,523,0.02901791,0.04587374,0.06326344,0.72340017,0.87633870,1.10260237
24005,0,USMarylandBaltimore,Maryland,Baltimore,2020-10-11 18:02:29.296180,2020-03-25 00:00:00.000000,0.07071240,0.11129169,0.16602549,585,920,1373,291,453,622,0.03519045,0.05476235,0.07528907,0.70154500,0.87394620,1.11103268
24005,0,USMarylandBaltimore,Maryland,Baltimore,2020-10-11 18:02:29.296180,2020-03-26 00:00:00.000000,0.08334595,0.12976529,0.19648526,689,1073,1625,352,536,743,0.04256782,0.06488003,0.08986889,0.68960403,0.87332529,1.08832184
24005,0,USMarylandBaltimore,Maryland,Baltimore,2020-10-11 18:02:29.296180,2020-03-27 00:00:00.000000,0.09848630,0.15312963,0.23021107,814,1266,1904,414,635,885,0.05014844,0.07682827,0.10706569,0.65853409,0.85742958,1.06938040
24005,0,USMarylandBaltimore,Maryland,Baltimore,2020-10-11 18:02:29.296180,2020-03-28 00:00:00.000000,0.11677074,0.17875021,0.27170141,966,1478,2247,489,751,1052,0.05919020,0.09088835,0.12721193,0.61448649,0.82460424,1.03320929
24005,0,USMarylandBaltimore,Maryland,Baltimore,2020-10-11 18:02:29.296180,2020-03-29 00:00:00.000000,0.13885471,0.21398610,0.31625887,1148,1770,2616,579,889,1253,0.07005687,0.10745815,0.15149839,0.60944942,0.79079495,1.01869954
24005,0,USMarylandBaltimore,Maryland,Baltimore,2020-10-11 18:02:29.296180,2020-03-30 00:00:00.000000,0.16562345,0.25123151,0.36432090,1370,2078,3014,688,1033,1486,0.08315621,0.12488878,0.17972394,0.55811419,0.74684692,1.00244491
24005,0,USMarylandBaltimore,Maryland,Baltimore,2020-10-11 18:02:29.296180,2020-03-31 00:00:00.000000,0.19669025,0.28974050,0.41591253,1627,2397,3441,809,1198,1754,0.09787500,0.14483273,0.21204405,0.52532593,0.70327588,0.98422229
24005,0,USMarylandBaltimore,Maryland,Baltimore,2020-10-11 18:02:29.296180,2020-04-01 00:00:00.000000,0.21763305,0.33428034,0.47884750,1800,2765,3961,902,1375,2016,0.10907948,0.16624702,0.24369071,0.48242896,0.67893197,0.93459565
24005,0,USMarylandBaltimore,Maryland,Baltimore,2020-10-11 18:02:29.296180,2020-04-02 00:00:00.000000,0.24101422,0.38178264,0.55658358,1994,3158,4605,1001,1607,2333,0.12105838,0.19427614,0.28201037,0.44475360,0.65437103,0.86720297
24005,0,USMarylandBaltimore,Maryland,Baltimore,2020-10-11 18:02:29.296180,2020-04-03 00:00:00.000000,0.26705458,0.42884240,0.63862615,2209,3548,5283,1148,1842,2679,0.13886324,0.22263922,0.32387845,0.43628823,0.60855643,0.81183887
24005,0,USMarylandBaltimore,Maryland,Baltimore,2020-10-11 18:02:29.296180,2020-04-04 00:00:00.000000,0.29590746,0.48017224,0.74466746,2448,3972,6161,1270,2092,3090,0.15358376,0.25289894,0.37347798,0.38467466,0.55743355,0.80583836
24005,0,USMarylandBaltimore,Maryland,Baltimore,2020-10-11 18:02:29.296180,2020-04-05 00:00:00.000000,0.32774567,0.52792794,0.85302858,2711,4367,7057,1406,2371,3699,0.17000637,0.28664545,0.44712496,0.31284472,0.48709544,0.72184600
24005,0,USMarylandBaltimore,Maryland,Baltimore,2020-10-11 18:02:29.296180,2020-04-06 00:00:00.000000,0.36258697,0.56203758,0.90798331,2999,4650,7512,1556,2652,4287,0.18813940,0.32059964,0.51819479,0.29671589,0.43665941,0.61183053
24005,0,USMarylandBaltimore,Maryland,Baltimore,2020-10-11 18:02:29.296180,2020-04-07 00:00:00.000000,0.40076912,0.59964737,0.95210308,3315,4961,7877,1721,2915,4755,0.20802283,0.35232125,0.57480143,0.29069180,0.39934647,0.56356126
24005,0,USMarylandBaltimore,Maryland,Baltimore,2020-10-11 18:02:29.296180,2020-04-08 00:00:00.000000,0.43288976,0.63390580,0.99208677,3581,5244,8208,1901,3079,5129,0.22986502,0.37215404,0.61998907,0.27925743,0.35472834,0.51750153
24005,0,USMarylandBaltimore,Maryland,Baltimore,2020-10-11 18:02:29.296180,2020-04-09 00:00:00.000000,0.45954232,0.66434533,1.02977610,3802,5496,8520,2098,3287,5439,0.25365674,0.39731938,0.65742593,0.24525652,0.32217415,0.47594172
24005,0,USMarylandBaltimore,Maryland,Baltimore,2020-10-11 18:02:29.296180,2020-04-10 00:00:00.000000,0.48556876,0.69056880,1.06630939,4017,5713,8822,2298,3517,5709,0.27775196,0.42519503,0.69011557,0.23318132,0.29304685,0.42337961
24005,0,USMarylandBaltimore,Maryland,Baltimore,2020-10-11 18:02:29.296180,2020-04-11 00:00:00.000000,0.51036861,0.71363112,1.10207098,4222,5904,9118,2470,3676,5955,0.29858797,0.44441823,0.71983181,0.22367638,0.27281574,0.38525287
24005,0,USMarylandBaltimore,Maryland,Baltimore,2020-10-11 18:02:29.296180,2020-04-12 00:00:00.000000,0.53363629,0.72954502,1.13775078,4415,6036,9413,2587,3795,6186,0.31274800,0.45869271,0.74777537,0.22053634,0.26025153,0.36197745
24005,0,USMarylandBaltimore,Maryland,Baltimore,2020-10-11 18:02:29.296180,2020-04-13 00:00:00.000000,0.54612133,0.74830415,1.17374383,4518,6191,9711,2684,3912,6408,0.32449857,0.47293923,0.77453287,0.21869743,0.25645079,0.36007277
24005,0,USMarylandBaltimore,Maryland,Baltimore,2020-10-11 18:02:29.296180,2020-04-14 00:00:00.000000,0.54761289,0.76278782,1.20631983,4530,6311,9980,2779,3996,6625,0.33595341,0.48309644,0.80075163,0.21398417,0.25548857,0.34627982
24005,0,USMarylandBaltimore,Maryland,Baltimore,2020-10-11 18:02:29.296180,2020-04-15 00:00:00.000000,0.54897279,0.78074250,1.24826178,4542,6459,10327,2873,4084,6782,0.34725351,0.49365043,0.81971581,0.21428538,0.25360069,0.33918038
24005,0,USMarylandBaltimore,Maryland,Baltimore,2020-10-11 18:02:29.296180,2020-04-16 00:00:00.000000,0.55040772,0.80343630,1.28602331,4553,6647,10640,2965,4159,6822,0.35845115,0.50270404,0.82454532,0.21483432,0.25259162,0.32271706
24005,0,USMarylandBaltimore,Maryland,Baltimore,2020-10-11 18:02:29.296180,2020-04-17 00:00:00.000000,0.55758103,0.82263916,1.32229833,4613,6806,10940,3057,4248,7020,0.36950567,0.51345771,0.84849477,0.20831553,0.24509643,0.30940493
24005,0,USMarylandBaltimore,Maryland,Baltimore,2020-10-11 18:02:29.296180,2020-04-18 00:00:00.000000,0.57592951,0.83601453,1.35458742,4765,6916,11207,3111,4367,7262,0.37607157,0.52793196,0.87773067,0.20539153,0.24098231,0.30915751
24005,0,USMarylandBaltimore,Maryland,Baltimore,2020-10-11 18:02:29.296180,2020-04-19 00:00:00.000000,0.59416915,0.84669016,1.37611152,4915,7005,11385,3128,4446,7485,0.37816527,0.53740740,0.90471616,0.19917911,0.24094015,0.30862224
24005,0,USMarylandBaltimore,Maryland,Baltimore,2020-10-11 18:02:29.296180,2020-04-20 00:00:00.000000,0.60829743,0.85210647,1.38370126,5032,7050,11448,3152,4531,7685,0.38106843,0.54764927,0.92884714,0.19699773,0.23639530,0.30655979
24005,0,USMarylandBaltimore,Maryland,Baltimore,2020-10-11 18:02:29.296180,2020-04-21 00:00:00.000000,0.61740105,0.86234517,1.38833306,5108,7134,11486,3156,4589,7862,0.38146691,0.55466156,0.95033406,0.19160694,0.23474920,0.29998592
24005,0,USMarylandBaltimore,Maryland,Baltimore,2020-10-11 18:02:29.296180,2020-04-22 00:00:00.000000,0.61216517,0.86359523,1.39156506,5064,7145,11513,3174,4660,7926,0.38363019,0.56323153,0.95807580,0.19020082,0.23305015,0.29977511
24005,0,USMarylandBaltimore,Maryland,Baltimore,2020-10-11 18:02:29.296180,2020-04-23 00:00:00.000000,0.61127446,0.87295521,1.39509024,5057,7222,11542,3193,4748,7970,0.38596932,0.57393361,0.96341389,0.18802945,0.23172420,0.29643202
24005,0,USMarylandBaltimore,Maryland,Baltimore,2020-10-11 18:02:29.296180,2020-04-24 00:00:00.000000,0.62354756,0.88963826,1.40379966,5159,7360,11614,3209,4839,8006,0.38789439,0.58496579,0.96765127,0.18441523,0.22822517,0.29577433
24005,0,USMarylandBaltimore,Maryland,Baltimore,2020-10-11 18:02:29.296180,2020-04-25 00:00:00.000000,0.62204633,0.90319331,1.42552572,5146,7472,11794,3217,4895,8041,0.38890732,0.59166751,0.97194936,0.18146919,0.22121365,0.29322447
24005,0,USMarylandBaltimore,Maryland,Baltimore,2020-10-11 18:02:29.296180,2020-04-26 00:00:00.000000,0.62127746,0.90731532,1.44620123,5140,7506,11965,3221,4945,8089,0.38933783,0.59776585,0.97774488,0.18057082,0.21913167,0.28485329
24005,0,USMarylandBaltimore,Maryland,Baltimore,2020-10-11 18:02:29.296180,2020-04-27 00:00:00.000000,0.62167571,0.90904380,1.46672429,5143,7521,12135,3222,4991,8158,0.38946511,0.60335090,0.98606657,0.17825663,0.21771259,0.29286111
24005,0,USMarylandBaltimore,Maryland,Baltimore,2020-10-11 18:02:29.296180,2020-04-28 00:00:00.000000,0.62667907,0.90899114,1.48723812,5184,7520,12304,3220,5095,8259,0.38923482,0.61586949,0.99824296,0.17375735,0.21602388,0.29089267
24005,0,USMarylandBaltimore,Maryland,Baltimore,2020-10-11 18:02:29.296180,2020-04-29 00:00:00.000000,0.62646540,0.91771744,1.49838431,5183,7592,12397,3217,5107,8385,0.38882563,0.61726930,1.01357106,0.17227700,0.21385075,0.29402205
24005,0,USMarylandBaltimore,Maryland,Baltimore,2020-10-11 18:02:29.296180,2020-04-30 00:00:00.000000,0.63151015,0.92123307,1.51970267,5224,7622,12573,3213,5123,8510,0.38836168,0.61929282,1.02861428,0.16583505,0.21142412,0.29408642
24005,0,USMarylandBaltimore,Maryland,Baltimore,2020-10-11 18:02:29.296180,2020-05-01 00:00:00.000000,0.63845114,0.92416390,1.52149401,5282,7646,12588,3210,5179,8633,0.38800186,0.62596236,1.04350941,0.16508536,0.20914726,0.29611637
24005,0,USMarylandBaltimore,Maryland,Baltimore,2020-10-11 18:02:29.296180,2020-05-02 00:00:00.000000,0.63605411,0.92877744,1.52249428,5262,7684,12596,3209,5216,8756,0.38791889,0.63052462,1.05834156,0.16447538,0.20839844,0.29785048
24005,0,USMarylandBaltimore,Maryland,Baltimore,2020-10-11 18:02:29.296180,2020-05-03 00:00:00.000000,0.64345353,0.93387702,1.52261296,5323,7726,12597,3213,5237,8792,0.38835569,0.63298302,1.06270951,0.15853149,0.20789161,0.29886456
24005,0,USMarylandBaltimore,Maryland,Baltimore,2020-10-11 18:02:29.296180,2020-05-04 00:00:00.000000,0.65237330,0.93039497,1.51707726,5397,7697,12551,3247,5254,8821,0.39248459,0.63505347,1.06617456,0.15851839,0.20830700,0.29940786
24005,0,USMarylandBaltimore,Maryland,Baltimore,2020-10-11 18:02:29.296180,2020-05-05 00:00:00.000000,0.66175940,0.92767580,1.51478557,5475,7675,12532,3294,5234,8801,0.39813124,0.63270634,1.06373558,0.15722977,0.20728285,0.29962980
24005,0,USMarylandBaltimore,Maryland,Baltimore,2020-10-11 18:02:29.296180,2020-05-06 00:00:00.000000,0.67049701,0.92894339,1.51344774,5547,7685,12521,3342,5222,8801,0.40395060,0.63126895,1.06383190,0.15830980,0.20676999,0.29959812
24005,0,USMarylandBaltimore,Maryland,Baltimore,2020-10-11 18:02:29.296180,2020-05-07 00:00:00.000000,0.66972047,0.92864059,1.51172368,5541,7683,12507,3387,5222,8797,0.40946806,0.63117533,1.06333635,0.16010012,0.20638973,0.29956068
24005,0,USMarylandBaltimore,Maryland,Baltimore,2020-10-11 18:02:29.296180,2020-05-08 00:00:00.000000,0.66764639,0.92891363,1.51012820,5523,7685,12494,3426,5234,8789,0.41410208,0.63264107,1.06233441,0.15927359,0.20848281,0.29171926
24005,0,USMarylandBaltimore,Maryland,Baltimore,2020-10-11 18:02:29.296180,2020-05-09 00:00:00.000000,0.66578064,0.93044071,1.50832746,5508,7698,12479,3453,5234,8778,0.41742016,0.63267999,1.06097234,0.15662948,0.21103618,0.27794029
24005,0,USMarylandBaltimore,Maryland,Baltimore,2020-10-11 18:02:29.296180,2020-05-10 00:00:00.000000,0.66395978,0.93340778,1.50609784,5493,7722,12461,3467,5228,8765,0.41910391,0.63188316,1.05944524,0.15773558,0.20946616,0.27885466
24005,0,USMarylandBaltimore,Maryland,Baltimore,2020-10-11 18:02:29.296180,2020-05-11 00:00:00.000000,0.66233933,0.93594536,1.50487455,5479,7743,12450,3495,5222,8753,0.42250375,0.63118957,1.05794691,0.15841660,0.20951275,0.27936273
24005,0,USMarylandBaltimore,Maryland,Baltimore,2020-10-11 18:02:29.296180,2020-05-12 00:00:00.000000,0.66003525,0.93857084,1.50414603,5460,7765,12444,3522,5216,8742,0.42580366,0.63052317,1.05671759,0.15813344,0.20967404,0.27934931
24005,0,USMarylandBaltimore,Maryland,Baltimore,2020-10-11 18:02:29.296180,2020-05-13 00:00:00.000000,0.65612340,0.94476418,1.50394212,5428,7816,12443,3534,5232,8735,0.42719670,0.63244001,1.05578221,0.15665288,0.20910964,0.28393698
24005,0,USMarylandBaltimore,Maryland,Baltimore,2020-10-11 18:02:29.296180,2020-05-14 00:00:00.000000,0.65190291,0.95230374,1.50463765,5393,7879,12448,3531,5252,8730,0.42680696,0.63480885,1.05516014,0.15553474,0.20883899,0.29047259
24005,0,USMarylandBaltimore,Maryland,Baltimore,2020-10-11 18:02:29.296180,2020-05-15 00:00:00.000000,0.64810461,0.96028376,1.50640709,5362,7945,12463,3509,5250,8728,0.42420919,0.63454083,1.05496014,0.15600225,0.20629268,0.28879456
24005,0,USMarylandBaltimore,Maryland,Baltimore,2020-10-11 18:02:29.296180,2020-05-16 00:00:00.000000,0.64411910,0.96473546,1.50864317,5329,7981,12482,3487,5260,8730,0.42147565,0.63575369,1.05521527,0.15671504,0.20280792,0.28483604
24005,0,USMarylandBaltimore,Maryland,Baltimore,2020-10-11 18:02:29.296180,2020-05-17 00:00:00.000000,0.63787404,0.96683914,1.51063977,5277,7999,12498,3466,5262,8735,0.41900071,0.63603230,1.05580793,0.15599787,0.19872897,0.27358927
24005,0,USMarylandBaltimore,Maryland,Baltimore,2020-10-11 18:02:29.296180,2020-05-18 00:00:00.000000,0.63178687,0.96732360,1.51245708,5227,8003,12513,3440,5310,8742,0.41582760,0.64186773,1.05661461,0.15530628,0.19479150,0.27328401
24005,0,USMarylandBaltimore,Maryland,Baltimore,2020-10-11 18:02:29.296180,2020-05-19 00:00:00.000000,0.62569387,0.96905089,1.51415784,5176,8017,12527,3412,5310,8749,0.41241358,0.64183759,1.05754831,0.15148780,0.19364309,0.27207703
24005,0,USMarylandBaltimore,Maryland,Baltimore,2020-10-11 18:02:29.296180,2020-05-20 00:00:00.000000,0.61963312,0.96509080,1.51574673,5126,7984,12540,3382,5284,8785,0.40887788,0.63876072,1.06182803,0.14882686,0.19184985,0.27022760
24005,0,USMarylandBaltimore,Maryland,Baltimore,2020-10-11 18:02:29.296180,2020-05-21 00:00:00.000000,0.61361059,0.96010144,1.51691157,5076,7943,12550,3351,5278,8820,0.40508980,0.63793360,1.06605407,0.14428323,0.18756956,0.27207757
24005,0,USMarylandBaltimore,Maryland,Baltimore,2020-10-11 18:02:29.296180,2020-05-22 00:00:00.000000,0.60762392,0.94848526,1.51752447,5027,7847,12555,3317,5270,8847,0.40093369,0.63695966,1.06932822,0.14161676,0.19010819,0.27398034
24005,0,USMarylandBaltimore,Maryland,Baltimore,2020-10-11 18:02:29.296180,2020-05-23 00:00:00.000000,0.60357789,0.93447885,1.51346970,4993,7731,12521,3279,5275,8861,0.39633959,0.63762068,1.07107303,0.14373398,0.18539073,0.27169448
24005,0,USMarylandBaltimore,Maryland,Baltimore,2020-10-11 18:02:29.296180,2020-05-24 00:00:00.000000,0.60079943,0.91766486,1.50064634,4970,7592,12415,3237,5241,8861,0.39130623,0.63347978,1.07098599,0.14196164,0.18307604,0.26745876
24005,0,USMarylandBaltimore,Maryland,Baltimore,2020-10-11 18:02:29.296180,2020-05-25 00:00:00.000000,0.59764259,0.90561050,1.49508455,4944,7492,12369,3192,5187,8852,0.38589492,0.62700076,1.06994846,0.13996840,0.18109008,0.26066229
24005,0,USMarylandBaltimore,Maryland,Baltimore,2020-10-11 18:02:29.296180,2020-05-26 00:00:00.000000,0.59358772,0.89288584,1.49388145,4911,7387,12359,3144,5095,8794,0.38010361,0.61586650,1.06293916,0.13504898,0.18042172,0.25740527
24005,0,USMarylandBaltimore,Maryland,Baltimore,2020-10-11 18:02:29.296180,2020-05-27 00:00:00.000000,0.58731910,0.88196071,1.49294957,4859,7297,12352,3094,5021,8766,0.37406866,0.60698063,1.05958380,0.13135320,0.17683078,0.24980942
24005,0,USMarylandBaltimore,Maryland,Baltimore,2020-10-11 18:02:29.296180,2020-05-28 00:00:00.000000,0.57849110,0.87130691,1.47985675,4786,7208,12243,3059,4939,8686,0.36974945,0.59706834,1.04984229,0.12824609,0.16611172,0.24020208
24005,0,USMarylandBaltimore,Maryland,Baltimore,2020-10-11 18:02:29.296180,2020-05-29 00:00:00.000000,0.56499968,0.85857491,1.44211352,4674,7103,11931,3018,4850,8627,0.36478334,0.58628837,1.04279990,0.12177191,0.15936193,0.23211273
24005,0,USMarylandBaltimore,Maryland,Baltimore,2020-10-11 18:02:29.296180,2020-05-30 00:00:00.000000,0.54550451,0.83466245,1.40250808,4513,6905,11603,2966,4784,8582,0.35855178,0.57826387,1.03729076,0.11306393,0.15414554,0.22365291
24005,0,USMarylandBaltimore,Maryland,Baltimore,2020-10-11 18:02:29.296180,2020-05-31 00:00:00.000000,0.52975931,0.81387277,1.36281484,4383,6733,11275,2907,4704,8473,0.35146728,0.56866469,1.02420366,0.10755351,0.14997066,0.21133945
24005,0,USMarylandBaltimore,Maryland,Baltimore,2020-10-11 18:02:29.296180,2020-06-01 00:00:00.000000,0.51527672,0.79632039,1.32361793,4263,6588,10951,2843,4626,8324,0.34371656,0.55915176,1.00614489,0.10363662,0.14463094,0.20837451
24005,0,USMarylandBaltimore,Maryland,Baltimore,2020-10-11 18:02:29.296180,2020-06-02 00:00:00.000000,0.50014580,0.77707229,1.28521561,4138,6429,10633,2784,4545,8152,0.33649563,0.54936111,0.98532492,0.09884286,0.14211930,0.20306888
24005,0,USMarylandBaltimore,Maryland,Baltimore,2020-10-11 18:02:29.296180,2020-06-03 00:00:00.000000,0.48474820,0.75568703,1.24780400,4010,6252,10323,2729,4449,7963,0.32987943,0.53777227,0.96256783,0.09740531,0.14195327,0.20103899
24005,0,USMarylandBaltimore,Maryland,Baltimore,2020-10-11 18:02:29.296180,2020-06-04 00:00:00.000000,0.47323470,0.73379528,1.21162379,3915,6071,10024,2666,4344,7765,0.32233479,0.52508973,0.93859763,0.09784170,0.13788574,0.19678158
24005,0,USMarylandBaltimore,Maryland,Baltimore,2020-10-11 18:02:29.296180,2020-06-05 00:00:00.000000,0.46227524,0.71263493,1.17960869,3824,5896,9759,2596,4234,7561,0.31381190,0.51183382,0.91398042,0.09884912,0.13619867,0.19501122
24005,0,USMarylandBaltimore,Maryland,Baltimore,2020-10-11 18:02:29.296180,2020-06-06 00:00:00.000000,0.45182805,0.69657489,1.15178107,3738,5763,9529,2521,4121,7356,0.30473769,0.49813469,0.88913295,0.09584623,0.13439086,0.19481582
24005,0,USMarylandBaltimore,Maryland,Baltimore,2020-10-11 18:02:29.296180,2020-06-07 00:00:00.000000,0.43898980,0.68053739,1.12433944,3632,5630,9302,2444,3975,7151,0.29549688,0.48053286,0.86435301,0.09595846,0.13568106,0.19475960
24005,0,USMarylandBaltimore,Maryland,Baltimore,2020-10-11 18:02:29.296180,2020-06-08 00:00:00.000000,0.42444831,0.65965840,1.09747977,3511,5457,9080,2368,3885,6948,0.28632464,0.46960185,0.83984833,0.09607266,0.13528247,0.19474550
24005,0,USMarylandBaltimore,Maryland,Baltimore,2020-10-11 18:02:29.296180,2020-06-09 00:00:00.000000,0.41033558,0.64372215,1.06587346,3394,5325,8818,2295,3801,6749,0.27739241,0.45947287,0.81576082,0.09616681,0.13569386,0.19472181
24005,0,USMarylandBaltimore,Maryland,Baltimore,2020-10-11 18:02:29.296180,2020-06-10 00:00:00.000000,0.39663651,0.62345769,1.04004863,3281,5158,8605,2223,3699,6554,0.26873314,0.44708441,0.79217683,0.09689597,0.13547415,0.19500366
24005,0,USMarylandBaltimore,Maryland,Baltimore,2020-10-11 18:02:29.296180,2020-06-11 00:00:00.000000,0.38296360,0.60746194,1.01319817,3168,5025,8382,2154,3594,6363,0.26037567,0.43441199,0.76914716,0.09702168,0.13793650,0.19990677
24005,0,USMarylandBaltimore,Maryland,Baltimore,2020-10-11 18:02:29.296180,2020-06-12 00:00:00.000000,0.36933948,0.58706843,0.98585218,3055,4857,8156,2087,3486,6177,0.25232753,0.42141158,0.74669936,0.09699706,0.14213606,0.20059486
24005,0,USMarylandBaltimore,Maryland,Baltimore,2020-10-11 18:02:29.296180,2020-06-13 00:00:00.000000,0.35680482,0.56673179,0.96260756,2952,4688,7964,2002,3383,5997,0.24203400,0.40890067,0.72484529,0.09711410,0.14740331,0.20396004
24005,0,USMarylandBaltimore,Maryland,Baltimore,2020-10-11 18:02:29.296180,2020-06-14 00:00:00.000000,0.34693514,0.55356205,0.94540864,2870,4580,7822,1923,3274,5821,0.23243919,0.39574905,0.70358597,0.09942511,0.15046805,0.21830531
24005,0,USMarylandBaltimore,Maryland,Baltimore,2020-10-11 18:02:29.296180,2020-06-15 00:00:00.000000,0.34132029,0.54344368,0.92639388,2823,4496,7664,1848,3195,5650,0.22345960,0.38624087,0.68291589,0.10472018,0.15191577,0.24184833
24005,0,USMarylandBaltimore,Maryland,Baltimore,2020-10-11 18:02:29.296180,2020-06-16 00:00:00.000000,0.33821087,0.53096397,0.90433706,2798,4393,7482,1779,3097,5538,0.21502945,0.37441412,0.66946013,0.10489842,0.15368572,0.24510700
24005,0,USMarylandBaltimore,Maryland,Baltimore,2020-10-11 18:02:29.296180,2020-06-17 00:00:00.000000,0.33603217,0.51868564,0.88385615,2780,4291,7312,1728,3011,5444,0.20891528,0.36402967,0.65807675,0.11014424,0.15777594,0.24681670
24005,0,USMarylandBaltimore,Maryland,Baltimore,2020-10-11 18:02:29.296180,2020-06-18 00:00:00.000000,0.33317749,0.50703953,0.86585299,2756,4195,7163,1705,2944,5356,0.20618562,0.35594652,0.64736375,0.11543388,0.16389617,0.25428684
24005,0,USMarylandBaltimore,Maryland,Baltimore,2020-10-11 18:02:29.296180,2020-06-19 00:00:00.000000,0.33037708,0.49883732,0.84995795,2733,4127,7032,1689,2882,5272,0.20419636,0.34837704,0.63726745,0.12185813,0.16801988,0.25940753
24005,0,USMarylandBaltimore,Maryland,Baltimore,2020-10-11 18:02:29.296180,2020-06-20 00:00:00.000000,0.32774609,0.49307961,0.83524505,2711,4079,6910,1679,2852,5194,0.20296344,0.34471217,0.62778866,0.12679229,0.17663948,0.26555272
24005,0,USMarylandBaltimore,Maryland,Baltimore,2020-10-11 18:02:29.296180,2020-06-21 00:00:00.000000,0.32299919,0.48484978,0.82128558,2672,4011,6795,1670,2827,5122,0.20195925,0.34179049,0.61907611,0.12768672,0.18091753,0.26868110
24005,0,USMarylandBaltimore,Maryland,Baltimore,2020-10-11 18:02:29.296180,2020-06-22 00:00:00.000000,0.31882440,0.48066050,0.80792818,2637,3976,6684,1664,2788,5059,0.20112752,0.33702512,0.61145601,0.13084557,0.18585192,0.27757617
24005,0,USMarylandBaltimore,Maryland,Baltimore,2020-10-11 18:02:29.296180,2020-06-23 00:00:00.000000,0.31773740,0.48149274,0.79568247,2628,3983,6583,1658,2730,5008,0.20046580,0.32998106,0.60537459,0.13984848,0.19415896,0.28279878
24005,0,USMarylandBaltimore,Maryland,Baltimore,2020-10-11 18:02:29.296180,2020-06-24 00:00:00.000000,0.32075687,0.48386544,0.78609752,2653,4003,6503,1655,2673,4975,0.20005328,0.32307248,0.60132131,0.14801907,0.20117424,0.28432459
24005,0,USMarylandBaltimore,Maryland,Baltimore,2020-10-11 18:02:29.296180,2020-06-25 00:00:00.000000,0.32079556,0.48408121,0.78481728,2654,4005,6493,1642,2668,4965,0.19854011,0.32254861,0.60010742,0.15366356,0.21068929,0.28727502
24005,0,USMarylandBaltimore,Maryland,Baltimore,2020-10-11 18:02:29.296180,2020-06-26 00:00:00.000000,0.32173607,0.48589213,0.78419572,2661,4020,6488,1653,2653,4966,0.19984076,0.32072091,0.60032376,0.15868205,0.22235598,0.30332366
24005,0,USMarylandBaltimore,Maryland,Baltimore,2020-10-11 18:02:29.296180,2020-06-27 00:00:00.000000,0.32350572,0.49058096,0.78460039,2676,4058,6491,1659,2650,4925,0.20060515,0.32033780,0.59532364,0.16748805,0.23495784,0.31509795
24005,0,USMarylandBaltimore,Maryland,Baltimore,2020-10-11 18:02:29.296180,2020-06-28 00:00:00.000000,0.32602088,0.49482426,0.79658630,2697,4094,6590,1668,2666,4903,0.20170283,0.32224597,0.59270598,0.17781898,0.24921398,0.34503645
24005,0,USMarylandBaltimore,Maryland,Baltimore,2020-10-11 18:02:29.296180,2020-06-29 00:00:00.000000,0.33007430,0.49887560,0.81575737,2730,4127,6749,1682,2668,4897,0.20338895,0.32252250,0.59197235,0.18272663,0.26129817,0.37121358
24005,0,USMarylandBaltimore,Maryland,Baltimore,2020-10-11 18:02:29.296180,2020-06-30 00:00:00.000000,0.34108974,0.51303947,0.83667460,2822,4244,6922,1705,2684,4902,0.20612037,0.32442592,0.59249830,0.18466961,0.26928716,0.37356261
24005,0,USMarylandBaltimore,Maryland,Baltimore,2020-10-11 18:02:29.296180,2020-07-01 00:00:00.000000,0.34537110,0.52349767,0.85916935,2857,4331,7108,1758,2750,4911,0.21257867,0.33242526,0.59360580,0.18566434,0.27234180,0.38775312
24005,0,USMarylandBaltimore,Maryland,Baltimore,2020-10-11 18:02:29.296180,2020-07-02 00:00:00.000000,0.35045561,0.53927543,0.88344525,2899,4461,7309,1818,2817,4923,0.21981475,0.34059389,0.59513532,0.19185209,0.28228750,0.39481523
24005,0,USMarylandBaltimore,Maryland,Baltimore,2020-10-11 18:02:29.296180,2020-07-03 00:00:00.000000,0.35702150,0.55295023,0.90638071,2953,4574,7499,1856,2909,5021,0.22441142,0.35168898,0.60695036,0.20062713,0.29462909,0.40316082
24005,0,USMarylandBaltimore,Maryland,Baltimore,2020-10-11 18:02:29.296180,2020-07-04 00:00:00.000000,0.36903684,0.56981521,0.93011141,3053,4714,7695,1886,3007,5160,0.22805517,0.36353357,0.62376736,0.20763558,0.31065108,0.42078364
24005,0,USMarylandBaltimore,Maryland,Baltimore,2020-10-11 18:02:29.296180,2020-07-05 00:00:00.000000,0.38608085,0.59542975,0.95786071,3194,4926,7925,1926,3110,5282,0.23288525,0.37598506,0.63849177,0.22212306,0.32363159,0.44914933
24005,0,USMarylandBaltimore,Maryland,Baltimore,2020-10-11 18:02:29.296180,2020-07-06 00:00:00.000000,0.40824108,0.62502616,0.99261330,3377,5171,8212,1981,3209,5386,0.23954847,0.38795035,0.65109311,0.23124324,0.33620558,0.45015441
24005,0,USMarylandBaltimore,Maryland,Baltimore,2020-10-11 18:02:29.296180,2020-07-07 00:00:00.000000,0.43632488,0.65561714,1.05190219,3610,5424,8703,2056,3329,5515,0.24861282,0.40241025,0.66665112,0.24722992,0.34176650,0.46697124
24005,0,USMarylandBaltimore,Maryland,Baltimore,2020-10-11 18:02:29.296180,2020-07-08 00:00:00.000000,0.45785754,0.69365837,1.09769367,3788,5739,9081,2153,3468,5661,0.26026059,0.41917061,0.68429437,0.25944084,0.34293624,0.47091292
24005,0,USMarylandBaltimore,Maryland,Baltimore,2020-10-11 18:02:29.296180,2020-07-09 00:00:00.000000,0.47879414,0.73042619,1.14631545,3961,6043,9484,2269,3652,5964,0.27432147,0.44147803,0.72088557,0.28050995,0.35117432,0.47379733
24005,0,USMarylandBaltimore,Maryland,Baltimore,2020-10-11 18:02:29.296180,2020-07-10 00:00:00.000000,0.50206409,0.77088943,1.19569058,4153,6378,9892,2403,3833,6319,0.29048825,0.46332201,0.76385639,0.28482853,0.35335922,0.47019896
24005,0,USMarylandBaltimore,Maryland,Baltimore,2020-10-11 18:02:29.296180,2020-07-11 00:00:00.000000,0.53364550,0.81580549,1.24527991,4415,6749,10303,2552,4005,6656,0.30850976,0.48413603,0.80458037,0.28727815,0.36259958,0.48104975
24005,0,USMarylandBaltimore,Maryland,Baltimore,2020-10-11 18:02:29.296180,2020-07-12 00:00:00.000000,0.56861660,0.86018446,1.29644809,4704,7116,10726,2716,4202,6936,0.32832315,0.50798413,0.83840903,0.28496457,0.36667007,0.48233572
24005,0,USMarylandBaltimore,Maryland,Baltimore,2020-10-11 18:02:29.296180,2020-07-13 00:00:00.000000,0.59867716,0.89704536,1.34903206,4953,7421,11161,2885,4421,7225,0.34870156,0.53443100,0.87325794,0.28412995,0.37196262,0.49411223
24005,0,USMarylandBaltimore,Maryland,Baltimore,2020-10-11 18:02:29.296180,2020-07-14 00:00:00.000000,0.63150645,0.93852323,1.40383352,5224,7765,11614,3051,4653,7521,0.36880175,0.56250089,0.90912396,0.27423052,0.37227849,0.49217769
24005,0,USMarylandBaltimore,Maryland,Baltimore,2020-10-11 18:02:29.296180,2020-07-15 00:00:00.000000,0.66150891,0.98427742,1.46199897,5473,8143,12096,3232,4866,7828,0.39069963,0.58816315,0.94624901,0.27155034,0.36825498,0.48068224
24005,0,USMarylandBaltimore,Maryland,Baltimore,2020-10-11 18:02:29.296180,2020-07-16 00:00:00.000000,0.69212014,1.02970078,1.55407126,5726,8519,12857,3427,5087,8147,0.41429508,0.61492586,0.98475857,0.27062217,0.36182848,0.46407834
24005,0,USMarylandBaltimore,Maryland,Baltimore,2020-10-11 18:02:29.296180,2020-07-17 00:00:00.000000,0.72302224,1.07486095,1.64279353,5982,8893,13591,3627,5366,8478,0.43846834,0.64858976,1.02470090,0.26821188,0.35328031,0.45536122
24005,0,USMarylandBaltimore,Maryland,Baltimore,2020-10-11 18:02:29.296180,2020-07-18 00:00:00.000000,0.75878017,1.12408352,1.69113886,6277,9300,13991,3787,5631,8820,0.45779976,0.68061991,1.06608152,0.26579854,0.34308487,0.44406851
24005,0,USMarylandBaltimore,Maryland,Baltimore,2020-10-11 18:02:29.296180,2020-07-19 00:00:00.000000,0.80180552,1.16885047,1.75304844,6633,9670,14504,3950,5893,9244,0.47751407,0.71228014,1.11736401,0.26153707,0.32860456,0.43650521
24005,0,USMarylandBaltimore,Maryland,Baltimore,2020-10-11 18:02:29.296180,2020-07-20 00:00:00.000000,0.84615645,1.20047752,1.83784562,7000,9932,15205,4113,6162,9617,0.49720784,0.74485784,1.16238926,0.25282618,0.31364760,0.42749262
24005,0,USMarylandBaltimore,Maryland,Baltimore,2020-10-11 18:02:29.296180,2020-07-21 00:00:00.000000,0.89136631,1.23703909,1.91545533,7374,10234,15847,4275,6412,10144,0.51676286,0.77502222,1.22614552,0.24456231,0.30379394,0.41832903
24005,0,USMarylandBaltimore,Maryland,Baltimore,2020-10-11 18:02:29.296180,2020-07-22 00:00:00.000000,0.93409190,1.27506071,1.99029323,7728,10549,16467,4437,6638,10640,0.53639505,0.80241709,1.28605799,0.22765529,0.29328841,0.40387230
24005,0,USMarylandBaltimore,Maryland,Baltimore,2020-10-11 18:02:29.296180,2020-07-23 00:00:00.000000,0.95829986,1.31300992,2.06506127,7928,10863,17085,4602,6866,11110,0.55628704,0.82988783,1.34292617,0.20081710,0.27976804,0.38434298
24005,0,USMarylandBaltimore,Maryland,Baltimore,2020-10-11 18:02:29.296180,2020-07-24 00:00:00.000000,0.97501524,1.33850791,2.14039935,8066,11074,17709,4770,7060,11567,0.57653401,0.85333699,1.39808826,0.18726580,0.26856414,0.37042516
24005,0,USMarylandBaltimore,Maryland,Baltimore,2020-10-11 18:02:29.296180,2020-07-25 00:00:00.000000,0.98830560,1.36073886,2.20061280,8176,11258,18207,4940,7229,11943,0.59717252,0.87376411,1.44360547,0.16995308,0.25201927,0.35003240
24005,0,USMarylandBaltimore,Maryland,Baltimore,2020-10-11 18:02:29.296180,2020-07-26 00:00:00.000000,0.99060185,1.37109913,2.18118929,8195,11344,18046,5111,7371,12186,0.61782317,0.89094805,1.47291748,0.15954617,0.23836378,0.33085792
24005,0,USMarylandBaltimore,Maryland,Baltimore,2020-10-11 18:02:29.296180,2020-07-27 00:00:00.000000,0.99826788,1.38184730,2.15845482,8259,11432,17858,5276,7482,12367,0.63775459,0.90438114,1.49482325,0.15624199,0.22341613,0.32387114
24005,0,USMarylandBaltimore,Maryland,Baltimore,2020-10-11 18:02:29.296180,2020-07-28 00:00:00.000000,1.01626090,1.37882501,2.13466375,8408,11407,17661,5374,7572,12489,0.64961294,0.91528810,1.50955180,0.15412738,0.21541202,0.32307050
24005,0,USMarylandBaltimore,Maryland,Baltimore,2020-10-11 18:02:29.296180,2020-07-29 00:00:00.000000,1.00995218,1.36675685,2.11013203,8356,11308,17458,5437,7653,12470,0.65724774,0.92502953,1.50719791,0.15133484,0.20890191,0.31627799
24005,0,USMarylandBaltimore,Maryland,Baltimore,2020-10-11 18:02:29.296180,2020-07-30 00:00:00.000000,0.99490978,1.35957219,2.08507335,8231,11248,17251,5417,7640,12358,0.65480769,0.92343715,1.49367997,0.15080840,0.20460063,0.28152706
24005,0,USMarylandBaltimore,Maryland,Baltimore,2020-10-11 18:02:29.296180,2020-07-31 00:00:00.000000,0.97618016,1.34939118,2.05964783,8076,11164,17040,5325,7603,12235,0.64370350,0.91901866,1.47880224,0.14444163,0.19787587,0.25803201
24005,0,USMarylandBaltimore,Maryland,Baltimore,2020-10-11 18:02:29.296180,2020-08-01 00:00:00.000000,0.96242054,1.34713304,2.03383608,7962,11145,16827,5297,7558,12103,0.64029795,0.91351900,1.46292838,0.13948969,0.19364255,0.24856502
24005,0,USMarylandBaltimore,Maryland,Baltimore,2020-10-11 18:02:29.296180,2020-08-02 00:00:00.000000,0.95151262,1.34373163,2.00740807,7872,11117,16608,5201,7515,11965,0.62866020,0.90833313,1.44623758,0.13683806,0.18669521,0.24075877
24005,0,USMarylandBaltimore,Maryland,Baltimore,2020-10-11 18:02:29.296180,2020-08-03 00:00:00.000000,0.92538744,1.32920854,1.98080810,7656,10997,16388,5091,7402,11821,0.61537284,0.89475223,1.42884142,0.13237866,0.18095367,0.23302717
24005,0,USMarylandBaltimore,Maryland,Baltimore,2020-10-11 18:02:29.296180,2020-08-04 00:00:00.000000,0.89945411,1.30020093,1.95478159,7441,10757,16173,4977,7312,11724,0.60162566,0.88379043,1.41707739,0.13156055,0.17578152,0.22592276
24005,0,USMarylandBaltimore,Maryland,Baltimore,2020-10-11 18:02:29.296180,2020-08-05 00:00:00.000000,0.87408836,1.27025542,1.92875169,7231,10509,15957,4862,7257,11586,0.58774687,0.87720077,1.40037913,0.12899211,0.17185352,0.22066738
24005,0,USMarylandBaltimore,Maryland,Baltimore,2020-10-11 18:02:29.296180,2020-08-06 00:00:00.000000,0.84975321,1.24614145,1.90219104,7030,10310,15738,4748,7165,11413,0.57396600,0.86602588,1.37947218,0.13012221,0.16967809,0.22237687
24005,0,USMarylandBaltimore,Maryland,Baltimore,2020-10-11 18:02:29.296180,2020-08-07 00:00:00.000000,0.82984519,1.21815173,1.85495838,6865,10078,15347,4637,7052,11216,0.56053218,0.85240899,1.35570818,0.12986076,0.16918507,0.22619845
24005,0,USMarylandBaltimore,Maryland,Baltimore,2020-10-11 18:02:29.296180,2020-08-08 00:00:00.000000,0.81399777,1.18611512,1.80312269,6734,9813,14918,4539,6947,11064,0.54861005,0.83972844,1.33726846,0.12660390,0.16754486,0.22543385
24005,0,USMarylandBaltimore,Maryland,Baltimore,2020-10-11 18:02:29.296180,2020-08-09 00:00:00.000000,0.79994821,1.16217655,1.77774453,6618,9615,14708,4446,6834,10942,0.53742669,0.82599735,1.32251444,0.12629207,0.16671565,0.22761281
24005,0,USMarylandBaltimore,Maryland,Baltimore,2020-10-11 18:02:29.296180,2020-08-10 00:00:00.000000,0.78643046,1.14227315,1.75166051,6506,9450,14492,4355,6694,10822,0.52647515,0.80908234,1.30808911,0.12554064,0.16729657,0.23174218
24005,0,USMarylandBaltimore,Maryland,Baltimore,2020-10-11 18:02:29.296180,2020-08-11 00:00:00.000000,0.77340322,1.11516175,1.72478357,6398,9226,14270,4266,6502,10713,0.51561975,0.78586848,1.29492537,0.12677520,0.16876138,0.23678121
24005,0,USMarylandBaltimore,Maryland,Baltimore,2020-10-11 18:02:29.296180,2020-08-12 00:00:00.000000,0.76072596,1.08051763,1.69655636,6294,8939,14036,4179,6345,10573,0.50511043,0.76699162,1.27801400,0.12994635,0.17002691,0.24215929
24005,0,USMarylandBaltimore,Maryland,Baltimore,2020-10-11 18:02:29.296180,2020-08-13 00:00:00.000000,0.74840403,1.06143484,1.68595746,6192,8781,13949,4097,6178,10384,0.49522345,0.74678119,1.25518146,0.13043017,0.17144694,0.24785449
24005,0,USMarylandBaltimore,Maryland,Baltimore,2020-10-11 18:02:29.296180,2020-08-14 00:00:00.000000,0.73667553,1.05121262,1.66953797,6095,8697,13813,4023,6033,10199,0.48632480,0.72924074,1.23276355,0.13161457,0.17407736,0.25392553
24005,0,USMarylandBaltimore,Maryland,Baltimore,2020-10-11 18:02:29.296180,2020-08-15 00:00:00.000000,0.72651977,1.02966922,1.64189758,6011,8519,13584,3960,5934,10020,0.47863383,0.71721372,1.21107846,0.13527990,0.17575969,0.26059537
24005,0,USMarylandBaltimore,Maryland,Baltimore,2020-10-11 18:02:29.296180,2020-08-16 00:00:00.000000,0.71959670,1.00900677,1.61608879,5953,8348,13371,3905,5845,9848,0.47203937,0.70647206,1.19033899,0.12905221,0.17769883,0.26831220
24005,0,USMarylandBaltimore,Maryland,Baltimore,2020-10-11 18:02:29.296180,2020-08-17 00:00:00.000000,0.71164201,0.98917817,1.59137512,5887,8184,13166,3857,5762,9684,0.46624562,0.69643100,1.17051832,0.12981949,0.18144216,0.27756710
24005,0,USMarylandBaltimore,Maryland,Baltimore,2020-10-11 18:02:29.296180,2020-08-18 00:00:00.000000,0.69822925,0.97086983,1.56805335,5776,8032,12973,3814,5702,9588,0.46100771,0.68918154,1.15889875,0.13017862,0.18553872,0.28257653
24005,0,USMarylandBaltimore,Maryland,Baltimore,2020-10-11 18:02:29.296180,2020-08-19 00:00:00.000000,0.68909497,0.95627840,1.54586793,5701,7911,12790,3773,5627,9507,0.45610487,0.68019291,1.14911003,0.13118980,0.18819804,0.28336657
24005,0,USMarylandBaltimore,Maryland,Baltimore,2020-10-11 18:02:29.296180,2020-08-20 00:00:00.000000,0.68461094,0.94057191,1.52463897,5664,7782,12614,3734,5513,9428,0.45140284,0.66644111,1.13962429,0.13282224,0.19091317,0.27789529
24005,0,USMarylandBaltimore,Maryland,Baltimore,2020-10-11 18:02:29.296180,2020-08-21 00:00:00.000000,0.68039607,0.92933104,1.50425993,5629,7689,12445,3682,5388,9355,0.44514122,0.65128230,1.13080832,0.13551888,0.19332546,0.27650782
24005,0,USMarylandBaltimore,Maryland,Baltimore,2020-10-11 18:02:29.296180,2020-08-22 00:00:00.000000,0.67680457,0.92652944,1.48464051,5599,7665,12283,3598,5320,9185,0.43488088,0.64303121,1.11026410,0.14488477,0.19611793,0.27927029
24005,0,USMarylandBaltimore,Maryland,Baltimore,2020-10-11 18:02:29.296180,2020-08-23 00:00:00.000000,0.67453712,0.92994462,1.46562744,5580,7694,12126,3515,5280,9025,0.42492011,0.63817160,1.09089305,0.14470066,0.19948919,0.28124030
24005,0,USMarylandBaltimore,Maryland,Baltimore,2020-10-11 18:02:29.296180,2020-08-24 00:00:00.000000,0.67454112,0.93104660,1.45256972,5580,7703,12018,3442,5223,8891,0.41608766,0.63136900,1.07463164,0.14604464,0.20114998,0.28258389
24005,0,USMarylandBaltimore,Maryland,Baltimore,2020-10-11 18:02:29.296180,2020-08-25 00:00:00.000000,0.67348612,0.92764251,1.44977870,5572,7675,11995,3394,5200,8779,0.41030300,0.62855178,1.06111370,0.14680013,0.20337926,0.28336504
24005,0,USMarylandBaltimore,Maryland,Baltimore,2020-10-11 18:02:29.296180,2020-08-26 00:00:00.000000,0.67062629,0.92030560,1.44774990,5548,7614,11978,3385,5153,8686,0.40921835,0.62293240,1.04994310,0.14718299,0.20637869,0.28376608
24005,0,USMarylandBaltimore,Maryland,Baltimore,2020-10-11 18:02:29.296180,2020-08-27 00:00:00.000000,0.67273540,0.91388342,1.44731785,5566,7561,11974,3389,5117,8609,0.40964673,0.61856088,1.04059577,0.14910295,0.20692136,0.28395006
24005,0,USMarylandBaltimore,Maryland,Baltimore,2020-10-11 18:02:29.296180,2020-08-28 00:00:00.000000,0.66595230,0.90867572,1.44938955,5509,7518,11991,3394,5081,8543,0.41033502,0.61419261,1.03263935,0.15088833,0.20844812,0.29889730
24005,0,USMarylandBaltimore,Maryland,Baltimore,2020-10-11 18:02:29.296180,2020-08-29 00:00:00.000000,0.65648918,0.90384948,1.45345857,5431,7478,12025,3401,5064,8542,0.41109134,0.61217549,1.03250506,0.15266985,0.20660160,0.30459784
24005,0,USMarylandBaltimore,Maryland,Baltimore,2020-10-11 18:02:29.296180,2020-08-30 00:00:00.000000,0.64679282,0.89468156,1.45838598,5351,7402,12066,3396,5059,8552,0.41052414,0.61157035,1.03364539,0.15155269,0.20895929,0.30345075
24005,0,USMarylandBaltimore,Maryland,Baltimore,2020-10-11 18:02:29.296180,2020-08-31 00:00:00.000000,0.63689045,0.88653578,1.46341797,5269,7334,12107,3376,5042,8570,0.40804585,0.60949189,1.03582724,0.14519261,0.20680552,0.30163787
24005,0,USMarylandBaltimore,Maryland,Baltimore,2020-10-11 18:02:29.296180,2020-09-01 00:00:00.000000,0.62676874,0.87790988,1.45888372,5185,7263,12070,3385,5019,8593,0.40924503,0.60673596,1.03862322,0.14369194,0.20429868,0.30130947
24005,0,USMarylandBaltimore,Maryland,Baltimore,2020-10-11 18:02:29.296180,2020-09-02 00:00:00.000000,0.62742997,0.86797592,1.44721426,5191,7181,11973,3396,4945,8605,0.41055017,0.59778444,1.04014305,0.14858771,0.20579961,0.30117010
24005,0,USMarylandBaltimore,Maryland,Baltimore,2020-10-11 18:02:29.296180,2020-09-03 00:00:00.000000,0.62996365,0.86208236,1.44028515,5212,7132,11916,3405,4891,8513,0.41165211,0.59126453,1.02899246,0.15150839,0.20602262,0.30079272
24005,0,USMarylandBaltimore,Maryland,Baltimore,2020-10-11 18:02:29.296180,2020-09-04 00:00:00.000000,0.63107878,0.86011587,1.43515019,5221,7116,11874,3417,4875,8442,0.41301554,0.58924110,1.02035061,0.15032659,0.20357996,0.29757956
24005,0,USMarylandBaltimore,Maryland,Baltimore,2020-10-11 18:02:29.296180,2020-09-05 00:00:00.000000,0.63118815,0.85454881,1.43051890,5222,7070,11835,3419,4850,8387,0.41331248,0.58623793,1.01373201,0.14894383,0.20428276,0.29440441
24005,0,USMarylandBaltimore,Maryland,Baltimore,2020-10-11 18:02:29.296180,2020-09-06 00:00:00.000000,0.63091752,0.85553820,1.42603252,5220,7078,11798,3412,4801,8343,0.41248696,0.58027383,1.00846204,0.14934205,0.20423171,0.29331397
24005,0,USMarylandBaltimore,Maryland,Baltimore,2020-10-11 18:02:29.296180,2020-09-07 00:00:00.000000,0.62735257,0.85650276,1.42148452,5190,7086,11760,3404,4760,8307,0.41146035,0.57538091,1.00403093,0.14944986,0.20339200,0.29148352
24005,0,USMarylandBaltimore,Maryland,Baltimore,2020-10-11 18:02:29.296180,2020-09-08 00:00:00.000000,0.62867345,0.85339092,1.41697285,5201,7060,11723,3393,4744,8274,0.41020604,0.57349716,1.00008167,0.14947723,0.20316697,0.29299790
24005,0,USMarylandBaltimore,Maryland,Baltimore,2020-10-11 18:02:29.296180,2020-09-09 00:00:00.000000,0.62718067,0.84413623,1.41252892,5189,6984,11686,3382,4738,8280,0.40877807,0.57269932,1.00079993,0.14871653,0.20319074,0.29300793
24005,0,USMarylandBaltimore,Maryland,Baltimore,2020-10-11 18:02:29.296180,2020-09-10 00:00:00.000000,0.62550684,0.83180573,1.39685804,5175,6882,11557,3369,4695,8301,0.40724521,0.56756000,1.00337556,0.14571653,0.20305270,0.29075574
24005,0,USMarylandBaltimore,Maryland,Baltimore,2020-10-11 18:02:29.296180,2020-09-11 00:00:00.000000,0.61568984,0.82445199,1.37448538,5094,6821,11372,3354,4657,8327,0.40549598,0.56298423,1.00648111,0.14702745,0.20143696,0.26438604
24005,0,USMarylandBaltimore,Maryland,Baltimore,2020-10-11 18:02:29.296180,2020-09-12 00:00:00.000000,0.60140643,0.81766484,1.36530136,4975,6765,11296,3318,4636,8247,0.40110911,0.56039219,0.99681161,0.14822327,0.20000379,0.25466005
24005,0,USMarylandBaltimore,Maryland,Baltimore,2020-10-11 18:02:29.296180,2020-09-13 00:00:00.000000,0.58680227,0.81212375,1.34577013,4855,6719,11134,3269,4599,8145,0.39512318,0.55597547,0.98447149,0.14866791,0.19843021,0.24942774
24005,0,USMarylandBaltimore,Maryland,Baltimore,2020-10-11 18:02:29.296180,2020-09-14 00:00:00.000000,0.57272765,0.80527820,1.34711613,4738,6662,11145,3212,4552,8124,0.38832885,0.55017939,0.98195210,0.14702319,0.19344852,0.24937226
24005,0,USMarylandBaltimore,Maryland,Baltimore,2020-10-11 18:02:29.296180,2020-09-15 00:00:00.000000,0.55872231,0.79456819,1.34192967,4622,6574,11102,3155,4501,8100,0.38133851,0.54411270,0.97912058,0.14510570,0.18909239,0.24530631
24005,0,USMarylandBaltimore,Maryland,Baltimore,2020-10-11 18:02:29.296180,2020-09-16 00:00:00.000000,0.54495520,0.78596831,1.32688215,4508,6502,10978,3096,4435,8071,0.37429072,0.53607357,0.97557167,0.14456199,0.18780191,0.24777194
24005,0,USMarylandBaltimore,Maryland,Baltimore,2020-10-11 18:02:29.296180,2020-09-17 00:00:00.000000,0.53147790,0.77809437,1.30523982,4397,6437,10799,3038,4379,8032,0.36725467,0.52927888,0.97081129,0.14283968,0.18823268,0.24947372
24005,0,USMarylandBaltimore,Maryland,Baltimore,2020-10-11 18:02:29.296180,2020-09-18 00:00:00.000000,0.51831789,0.76786575,1.28179965,4288,6353,10605,2980,4345,7978,0.36024588,0.52518174,0.96438003,0.14276235,0.18683741,0.25084258
24005,0,USMarylandBaltimore,Maryland,Baltimore,2020-10-11 18:02:29.296180,2020-09-19 00:00:00.000000,0.50574702,0.75982921,1.28091384,4184,6286,10597,2922,4273,7909,0.35320884,0.51648971,0.95596599,0.14267073,0.18802161,0.25148948
24005,0,USMarylandBaltimore,Maryland,Baltimore,2020-10-11 18:02:29.296180,2020-09-20 00:00:00.000000,0.50476416,0.74720587,1.27526853,4176,6182,10551,2862,4205,7822,0.34599420,0.50833223,0.94548816,0.14230038,0.18926073,0.24930021
24005,0,USMarylandBaltimore,Maryland,Baltimore,2020-10-11 18:02:29.296180,2020-09-21 00:00:00.000000,0.50429049,0.73177210,1.26453832,4172,6054,10462,2800,4167,7720,0.33846368,0.50364681,0.93311249,0.14216632,0.18920738,0.25037440
24005,0,USMarylandBaltimore,Maryland,Baltimore,2020-10-11 18:02:29.296180,2020-09-22 00:00:00.000000,0.50409724,0.71794955,1.25104186,4170,5940,10350,2734,4105,7605,0.33055227,0.49621130,0.91922581,0.14220618,0.19226311,0.25126086
24005,0,USMarylandBaltimore,Maryland,Baltimore,2020-10-11 18:02:29.296180,2020-09-23 00:00:00.000000,0.50412717,0.71026148,1.23654564,4170,5876,10230,2669,4071,7481,0.32264085,0.49204628,0.90420695,0.14247352,0.19562987,0.25206319
24005,0,USMarylandBaltimore,Maryland,Baltimore,2020-10-11 18:02:29.296180,2020-09-24 00:00:00.000000,0.49706635,0.69720762,1.21265094,4112,5768,10033,2605,4008,7350,0.31491440,0.48451539,0.88843061,0.14357009,0.19629625,0.26563838
24005,0,USMarylandBaltimore,Maryland,Baltimore,2020-10-11 18:02:29.296180,2020-09-25 00:00:00.000000,0.48693470,0.68638875,1.18934976,4028,5678,9840,2544,3969,7266,0.30759676,0.47980718,0.87831450,0.14633198,0.19838735,0.27979515
24005,0,USMarylandBaltimore,Maryland,Baltimore,2020-10-11 18:02:29.296180,2020-09-26 00:00:00.000000,0.47849964,0.68296835,1.16742791,3958,5650,9658,2489,3900,7189,0.30092261,0.47140594,0.86893426,0.14092341,0.20220371,0.28931124
24005,0,USMarylandBaltimore,Maryland,Baltimore,2020-10-11 18:02:29.296180,2020-09-27 00:00:00.000000,0.47185982,0.67649398,1.14820723,3904,5597,9499,2441,3859,7072,0.29509476,0.46646310,0.85487098,0.13866407,0.20880233,0.29995825
24005,0,USMarylandBaltimore,Maryland,Baltimore,2020-10-11 18:02:29.296180,2020-09-28 00:00:00.000000,0.46683778,0.68041770,1.13347096,3862,5629,9377,2401,3841,6953,0.29023921,0.46435205,0.84048632,0.13947157,0.21385567,0.31229610
24005,0,USMarylandBaltimore,Maryland,Baltimore,2020-10-11 18:02:29.296180,2020-09-29 00:00:00.000000,0.46102460,0.68901401,1.12366226,3814,5700,9296,2369,3820,6837,0.28635760,0.46172501,0.82644523,0.14001162,0.22087732,0.32325118
24005,0,USMarylandBaltimore,Maryland,Baltimore,2020-10-11 18:02:29.296180,2020-09-30 00:00:00.000000,0.45337299,0.69107416,1.11772953,3751,5717,9247,2355,3814,6724,0.28472131,0.46100906,0.81271298,0.14034830,0.22372952,0.32429488
24005,0,USMarylandBaltimore,Maryland,Baltimore,2020-10-11 18:02:29.296180,2020-10-01 00:00:00.000000,0.44599318,0.68850444,1.11407885,3690,5696,9217,2356,3812,6612,0.28487676,0.46074338,0.79921955,0.14052997,0.22547386,0.33344918
24005,0,USMarylandBaltimore,Maryland,Baltimore,2020-10-11 18:02:29.296180,2020-10-02 00:00:00.000000,0.44241026,0.69188888,1.11162973,3660,5724,9197,2360,3779,6518,0.28529602,0.45677261,0.78780185,0.14255032,0.23264427,0.33921074
24005,0,USMarylandBaltimore,Maryland,Baltimore,2020-10-11 18:02:29.296180,2020-10-03 00:00:00.000000,0.44275751,0.69803339,1.10072773,3663,5775,9107,2354,3765,6483,0.28457619,0.45507251,0.78360065,0.14073943,0.23992715,0.34067695
24005,0,USMarylandBaltimore,Maryland,Baltimore,2020-10-11 18:02:29.296180,2020-10-04 00:00:00.000000,0.43621392,0.71188440,1.08946447,3609,5889,9013,2306,3777,6458,0.27882308,0.45652068,0.78057265,0.13771288,0.24579326,0.36144867
24005,0,USMarylandBaltimore,Maryland,Baltimore,2020-10-11 18:02:29.296180,2020-10-05 00:00:00.000000,0.42984611,0.72341062,1.09367457,3556,5985,9048,2289,3841,6439,0.27676204,0.46424536,0.77834336,0.13658633,0.24548186,0.38196346
24005,0,USMarylandBaltimore,Maryland,Baltimore,2020-10-11 18:02:29.296180,2020-10-06 00:00:00.000000,0.42387733,0.73439151,1.10126401,3507,6076,9111,2289,3901,6378,0.27669306,0.47156902,0.77090551,0.13618365,0.24549122,0.42150973
24005,0,USMarylandBaltimore,Maryland,Baltimore,2020-10-11 18:02:29.296180,2020-10-07 00:00:00.000000,0.41814442,0.75024750,1.11273194,3459,6207,9206,2292,3949,6366,0.27703845,0.47738731,0.76943615,0.13605431,0.24628318,0.45141204
24005,0,USMarylandBaltimore,Maryland,Baltimore,2020-10-11 18:02:29.296180,2020-10-08 00:00:00.000000,0.41281063,0.75802306,1.12292198,3415,6271,9290,2296,4053,6386,0.27753541,0.48992080,0.77194132,0.13601806,0.24195048,0.47549104
24005,0,USMarylandBaltimore,Maryland,Baltimore,2020-10-11 18:02:29.296180,2020-10-09 00:00:00.000000,0.40976368,0.76949318,1.16767823,3390,6366,9661,2288,4059,6346,0.27662457,0.49066775,0.76705282,0.13603332,0.23970140,0.47942851
24005,0,USMarylandBaltimore,Maryland,Baltimore,2020-10-11 18:02:29.296180,2020-10-10 00:00:00.000000,0.41372220,0.77354751,1.18729064,3423,6400,9823,2254,4107,6357,0.27245865,0.49643948,0.76840795,0.13617639,0.24019881,0.48121336
24005,0,USMarylandBaltimore,Maryland,Baltimore,2020-10-11 18:02:29.296180,2020-10-11 00:00:00.000000,0.41810143,0.76926947,1.20671172,3459,6364,9983,2221,4208,6629,0.26845956,0.50863622,0.80133138,0.13690311,0.23956057,0.48210224
24005,0,USMarylandBaltimore,Maryland,Baltimore,2020-10-11 18:02:29.296180,2020-10-12 00:00:00.000000,0.42276047,0.77072072,1.22542453,3497,6376,10138,2190,4290,6902,0.26469527,0.51859215,0.83426109,0.14088339,0.23784671,0.48256381
24005,0,USMarylandBaltimore,Maryland,Baltimore,2020-10-11 18:02:29.296180,2020-10-13 00:00:00.000000,0.41436960,0.78182541,1.31723165,3428,6468,10898,2160,4325,7015,0.26116336,0.52285585,0.84793713,0.14493856,0.24290849,0.48280913
24005,0,USMarylandBaltimore,Maryland,Baltimore,2020-10-11 18:02:29.296180,2020-10-14 00:00:00.000000,0.40550218,0.77216479,1.42118095,3355,6388,11758,2132,4402,7125,0.25775744,0.53209261,0.86125416,0.14708158,0.24484921,0.48294104
24005,0,USMarylandBaltimore,Maryland,Baltimore,2020-10-11 18:02:29.296180,2020-10-15 00:00:00.000000,0.39682302,0.75635960,1.53295894,3283,6257,12683,2144,4418,7583,0.25915434,0.53402983,0.91652638,0.14707345,0.24469642,0.48301236
24005,0,USMarylandBaltimore,Maryland,Baltimore,2020-10-11 18:02:29.296180,2020-10-16 00:00:00.000000,0.38832665,0.75454702,1.65305380,3212,6242,13676,2168,4369,8179,0.26207106,0.52809798,0.98866145,0.14707050,0.24460795,0.48305103
24005,0,USMarylandBaltimore,Maryland,Baltimore,2020-10-11 18:02:29.296180,2020-10-17 00:00:00.000000,0.38543790,0.76137175,1.78197918,3188,6299,14743,2131,4304,8821,0.25760865,0.52025754,1.06623052,0.14706941,0.24456779,0.48307201
24005,0,USMarylandBaltimore,Maryland,Baltimore,2020-10-11 18:02:29.296180,2020-10-18 00:00:00.000000,0.38292883,0.77217633,1.92026888,3168,6388,15887,2085,4274,9511,0.25204780,0.51661927,1.14956246,0.14706900,0.24455082,0.48308341
24005,0,USMarylandBaltimore,Maryland,Baltimore,2020-10-11 18:02:29.296180,2020-10-19 00:00:00.000000,0.38043441,0.78002391,2.06847298,3147,6453,17113,2040,4254,10251,0.24660377,0.51426766,1.23900570,0.14706884,0.24454383,0.48308960
24005,0,USMarylandBaltimore,Maryland,Baltimore,2020-10-11 18:02:29.296180,2020-10-20 00:00:00.000000,0.37795233,0.78911944,2.21931890,3127,6528,18361,1996,4279,11044,0.24127379,0.51721771,1.33492304,0.14706878,0.24454098,0.48309297
24005,0,USMarylandBaltimore,Maryland,Baltimore,2020-10-11 18:02:29.296180,2020-10-21 00:00:00.000000,0.37548117,0.79035403,2.33726011,3106,6539,19337,1953,4316,11895,0.23605534,0.52173022,1.43768825,0.14706876,0.24453982,0.48309479
24005,0,USMarylandBaltimore,Maryland,Baltimore,2020-10-11 18:02:29.296180,2020-10-22 00:00:00.000000,0.37302002,0.78896711,2.46049638,3086,6527,20357,1920,4335,12572,0.23214325,0.52404220,1.51960830,0.14706875,0.24453935,0.48309579
24005,0,USMarylandBaltimore,Maryland,Baltimore,2020-10-11 18:02:29.296180,2020-10-23 00:00:00.000000,0.37056831,0.79247632,2.58915201,3065,6556,21421,1908,4276,13239,0.23065729,0.51685791,1.60023783,0.14706874,0.24453916,0.48309633
